5484
3363
3390
1413
6975
4828
9546
8632
4353
7014
5956
9973
3129
5077
7218
2056
9235
875
5468
2627
1441
28
7265
5143
1251
3533
8056
9227
8258
9070
7807
1340
9942
9714
4687
9121
9079
2119
7601
7978
4672
4214
4105
8277
7887
3336
9473
1980
7737
4882
1505
1230
3691
2943
249
2648
5324
2713
6129
5792
4030
4708
5960
6750
8099
6247
1640
9592
700
4423
1067
9848
1692
3010
3223
108
9915
9509
2980
9593
5702
4827
1567
1901
4740
7970
2983
7776
228
7771
5812
4646
6018
1374
4535
9476
8600
5240
1564
3372
3457
2994
5901
2454
4489
4815
7313
5117
560
5442
3345
2084
5677
6889
5578
7699
5279
6810
542
5314
8799
1528
7893
1872
9473
114
8242
1184
441
6296
2352
6465
2715
8059
315
9849
5770
5296
10
7101
1202
8753
1034
879
2162
1728
9591
69
6448
1977
2579
9378
7920
7043
4121
1827
464
4898
9531
7688
9099
5852
279
4540
893
6293
504
355
8053
4106
8089
9616
2742
1671
8916
9968
6792
4917
7433
4678
2637
5908
714
628
3181
5968
6611
4979
9938
6323
4711
7455
5152
3111
9061
5921
5340
7894
7865
8906
8605
896
1535
8601
5232
4040
9571
8234
3845
2956
2500
3564
7047
9630
1159
9244
6729
9636
2167
8259
6956
2153
7913
5049
4957
717
9838
980
9755
8720
4242
641
3782
646
2850
5038
4627
8680
2443
8449
1660
8455
7052
2569
7268
7549
621
7247
840
9426
9433
2584
3601
3832
5815
6602
39
787
7943
2200
1119
7576
2311
8412
2948
1761
2101
4608
5908
4571
7807
281
4513
8076
8950
369
6184
5316
8513
7648
350
9871
8942
2885
5414
7267
9267
3862
3248
1213
9651
8626
9228
7619
4812
6143
3675
6869
2956
7270
7094
2388
3412
9831
280
4351
8597
1161
8422
2999
5015
5522
7967
1854
8009
8144
7151
7696
2034
8514
8925
7325
7478
8406
1732
5603
9860
4207
6527
3940
5420
6658
8686
1513
7118
3309
7733
9187
1566
3397
7555
7689
3683
7803
8448
7731
7582
1099
415
6930
1032
3184
7251
1130
1940
3015
30
6205
4292
7006
7476
9988
9544
5753
6703
8445
193
9009
572
2204
3187
1241
2482
8575
7209
4990
243
3843
7458
1610
1210
4812
9081
22
9764
1301
5378
2154
7820
3236
5664
818
9903
4953
2196
5086
4798
6691
7680
9766
17
8991
9770
1256
9160
7118
5836
2400
477
8465
8984
1586
2069
1172
6456
3255
3670
6164
7779
7746
3347
6878
7820
7486
7874
3014
1157
9910
5374
9009
241
9248
1560
5951
4486
8039
5976
376
5409
5347
3874
2690
8020
1671
6804
2924
1306
2967
956
2154
2780
6724
6070
8750
9708
4726
4418
191
3214
8149
2612
1113
2246
5907
2981
609
828
3449
9063
2274
7004
1853
5830
393
8906
4093
8890
6137
9811
6379
761
3244
4847
2916
7017
5575
7635
8510
2963
3961
4995
14
6259
6800
4868
5348
4636
1080
5198
3715
4905
6256
7265
4817
9437
9242
1391
8087
3548
2431
6023
7765
339
2333
2050
7718
4514
5407
4550
1371
1882
1175
8744
4758
9088
890
4606
357
9249
1128
3555
2025
6529
5750
4787
2659
8540
3626
3286
9850
4141
3987
5226
4939
2780
9954
4472
7165
5346
6904
6281
3599
4089
6798
8130
5441
4303
2763
8570
6652
6681
4390
8940
2639
4163
7912
2615
7543
3797
8492
2307
6697
6994
5462
7791
4239
4282
6702
1046
5086
6847
3880
3039
4832
8805
2961
9811
1778
9315
8535
6138
5340
2790
2293
4830
5896
3252
1530
9617
3009
189
6997
6347
3049
8638
9247
8315
6807
880
7573
2974
8876
9821
2081
8830
5008
3778
4244
7874
4654
8528
178
8323
1097
7741
8441
2206
9337
5048
6447
4325
5541
3065
7304
3057
1694
3238
321
914
7830
3906
7324
1798
7020
7791
4760
3288
3829
8853
5980
5776
9529
9787
6112
2441
711
6642
8583
4191
6069
7266
7021
3879
6488
91
6714
7737
4860
3517
9728
6840
9776
2083
438
3234
1810
8986
5073
1554
5123
5408
2428
1171
7990
3480
6852
7439
8282
2330
9619
1718
5601
1910
2631
3802
620
9993
6829
2423
3398
3496
6975
7440
6842
2345
232
5652
8401
4642
1856
6448
524
6201
681
6478
6314
4362
244
3467
7958
4135
4320
5814
3681
457
464
6403
4103
837
5112
6928
5777
1210
5508
8623
5142
7415
5397
9746
5422
2746
5881
6917
8069
9314
917
3141
9465
6982
2818
335
7104
686
3330
8211
5672
9727
5229
950
3692
6869
5708
9191
3296
3240
625
5945
1418
1041
8385
1071
9213
7158
4768
7975
2931
8865
375
9885
2102
3823
7908
9280
7819
9380
2622
2225
8811
5243
9378
6119
751
2187
2079
9472
648
6390
732
4978
5721
1883
5697
6480
9617
411
6744
8536
6585
5224
145
8297
4086
9753
6236
1857
1595
6491
5783
8308
9758
7986
1204
9626
2981
2973
7957
6559
4461
2247
7127
4062
3431
3289
7432
7895
1167
1884
5767
4525
3659
6589
7575
1469
8524
8250
4207
248
2452
9369
689
6225
3044
4855
6149
9314
9888
1149
1985
4169
2722
5119
903
1392
8552
2543
1323
1050
5003
1422
7247
5289
6269
1010
8669
7261
8782
4051
8321
2935
9434
7248
5601
9195
7394
9135
7753
4004
1510
8353
7047
2065
9356
6499
5680
7325
4576
3297
6973
8733
649
6565
7846
1634
5091
3293
4201
3678
1677
1115
3638
1795
9473
5350
6938
7367
5644
2653
7350
516
9114
396
5980
204
3327
327
966
8185
5684
5715
8354
4402
412
628
4110
5402
3457
5185
5132
3459
4240
9700
7426
1728
5966
8285
8241
4200
3605
6182
9743
1269
9024
2161
4675
6524
5727
5470
8781
9880
6326
7913
847
7743
8104
2640
7068
550
9948
6785
3388
7136
9353
2530
5097
65
5012
2283
9049
2994
8754
2477
2104
3469
4908
3814
7105
8839
2207
76
7128
9373
3164
2407
2072
3159
8627
3532
4
490
358
8419
2876
4362
7661
3610
9438
1100
5478
4962
6726
3753
4215
5671
5332
750
3058
3790
8553
1184
7987
8551
1325
6910
7961
3857
3743
9391
5519
7836
554
7738
6405
8442
1393
4644
8368
3407
8615
387
8618
3800
1037
4657
5399
2488
7689
4653
854
6748
2655
9676
6321
5808
4063
5149
5537
5467
9898
7481
4784
7990
5986
7001
156
7738
894
6354
1829
342
3686
7947
8804
384
4241
1039
999
7923
8057
1134
1741
7494
8408
4846
475
8750
4145
8110
3752
3977
9789
7163
331
1435
784
3532
2367
2039
4999
7848
8209
2291
9489
6520
6390
8893
7719
4630
1099
6396
5257
6084
8794
9727
9223
522
5653
5954
8552
6215
4771
7776
2683
5240
6628
3986
6728
3847
7619
9044
2161
1451
1575
745
4218
8845
3717
1189
1282
3835
6118
7368
2397
6837
1281
5355
8304
8372
8773
2707
4937
1946
9300
4546
40
7797
2031
4092
4333
4414
7818
8903
9711
6718
5596
1340
5894
6351
6758
587
7255
8736
45
7371
9978
9843
5222
5934
536
4529
1949
4242
1222
7149
7521
7572
7705
1701
5679
2560
5717
3780
618
5843
4518
6693
84
7041
1178
5794
5308
2499
4537
6443
36
1912
4033
2579
6941
7372
4467
9043
3841
3510
4564
6354
7709
5099
1009
4524
3305
1280
9890
5246
7270
3980
1689
9796
4547
2284
248
7562
3547
7152
1900
2799
6654
6499
329
2568
9674
1353
4323
6481
1878
9729
2007
7149
2236
233
9892
8222
8369
8352
5834
272
7970
5350
8125
3632
9884
4240
1205
4507
5367
1064
3157
4433
8592
4962
4533
6040
7762
9897
367
4060
3408
2535
4275
5764
1394
2963
6807
3120
3050
2229
6111
7022
8530
7397
2356
2796
7219
3282
7828
8792
2772
7070
6967
948
4509
4870
8313
53
7543
416
1976
3514
3011
445
1004
9689
7299
3662
6653
7413
6329
4002
1910
6940
5482
8221
9109
7661
5566
1509
8747
6567
2823
7446
6758
4620
5579
5797
8840
1556
7599
6610
5428
494
7922
3142
2069
6337
4676
7756
6667
7921
4753
1548
9571
4573
8734
3170
7569
7973
399
3998
4429
2537
3874
7604
3399
3885
4332
6563
5976
3561
2989
7971
9943
524
4210
7143
3876
3328
7256
8243
9156
8
8408
9927
5834
839
1971
3656
6959
6618
1067
7296
2877
3189
2251
3692
5277
1628
5156
9780
27
8247
3429
8775
4643
6025
5527
5284
1739
8458
1874
4901
2557
1455
8623
6342
9039
7899
4940
8132
4992
9952
4517
9696
3153
4494
5509
5234
317
6316
8264
4442
6503
5300
9932
8514
7567
2711
1668
5120
5472
5890
9128
9464
3449
8201
2781
6893
3638
64
1724
4600
7290
6537
8802
4289
9483
967
596
986
7034
5233
7196
2300
6718
3650
4564
1688
6396
5181
6190
3728
2821
9197
2669
190
412
5931
4500
6002
4306
9945
8329
8809
4144
4219
4662
5432
5776
9221
492
520
7657
8799
5204
3084
1749
2918
3139
7278
4896
1868
184
5191
703
8863
7766
3341
3563
1639
8089
4918
6073
5225
2343
3851
119
2889
2420
6360
7205
8396
8449
1856
4877
3211
3411
1758
9664
5555
1020
2166
6607
3786
7688
6249
6051
3932
9317
6887
393
4691
1215
7503
4989
6101
7576
9346
4658
2887
2369
8326
5836
4016
712
3063
3242
648
3262
6391
3267
7743
1042
9525
4108
8042
7375
4636
9043
9880
4800
1810
6347
7042
5484
1313
6580
2513
6193
3667
2694
5450
3169
9942
7802
6148
5891
7887
661
4154
8040
1690
2882
6524
2668
7760
8379
9728
7780
5569
6900
7926
1946
3057
3588
1881
7809
671
5776
5569
7575
6688
6390
549
2919
9931
5459
5453
2008
1021
6305
4550
1382
2348
3425
7455
2299
6985
5489
353
7721
7295
7225
1515
4998
8088
7208
1562
3477
3166
8278
9704
5613
9230
4998
8668
4472
4553
2027
5423
7354
8213
3219
8495
3100
1921
5571
3900
3076
2421
7969
9231
7555
5719
152
4235
4890
490
8684
9371
7290
8945
9754
9979
3687
9378
2203
7267
3544
3973
3925
6030
909
2363
30
5753
2813
6108
4734
4263
9484
7209
5279
4128
9413
1744
1924
4778
2458
1181
7715
6928
7221
861
9168
7406
9833
3726
3464
8351
3770
2355
999
2750
5638
5412
6422
6792
5486
5217
612
6147
4133
7543
2608
5800
5428
1212
2561
1707
3816
8324
8610
3659
5209
1877
7244
229
9591
6328
5314
2611
3491
3254
2675
1586
8631
2562
3248
6753
3011
9270
907
1285
1125
1829
5239
6249
3060
8623
626
2435
538
3075
3164
6386
7883
6974
3650
6884
5526
802
2892
1971
4327
1443
2015
4751
6838
1354
863
8935
5808
8508
1013
3745
767
7557
1945
3721
9481
1582
1004
2006
226
6622
6325
5560
5247
7724
2838
2334
9704
3794
4842
468
8521
5565
5693
9769
9638
8609
5752
1006
9528
4793
2471
7963
871
3149
2313
460
1174
3468
724
9736
6358
1417
1058
5266
8344
8786
7788
4072
2035
4298
4689
8121
782
2633
2690
9236
1594
6681
8206
7899
7311
8529
1045
8294
5634
1983
9452
4372
7056
6974
620
3901
4057
9927
3286
1634
4075
8708
1463
678
5210
8800
1332
4902
5497
6058
9043
7523
6520
7592
3573
2145
4443
8103
7075
5560
5810
8817
1908
8183
9642
328
3977
7800
6079
8526
7798
1502
3452
887
4413
7340
5505
646
3320
2287
8192
5525
354
27
4548
6592
8338
6180
7486
6752
8293
5235
5533
4613
280
6008
2441
9917
4783
9406
2717
1729
6117
5706
4302
9903
3600
2045
8300
5106
3184
3145
1541
4989
9428
1248
384
8887
2472
9512
1484
2879
6799
747
294
2001
6553
2011
5393
6417
3778
627
4869
2260
8039
3560
2950
3167
6565
6974
1344
4071
3664
839
7516
6167
5309
2582
1058
4975
3788
1378
6923
3209
7429
7478
8049
2792
846
1893
5589
25
5062
4491
1853
8076
4193
4814
2920
8203
465
7859
6383
1160
4941
5981
1258
966
6496
1649
3900
1854
9633
9205
8525
1282
4875
1046
4194
5181
7352
8345
6042
3913
8735
4905
9543
6843
502
7247
5447
6057
6310
2064
5711
8107
4698
4976
9315
1295
5699
8756
5780
7430
6812
1749
7334
2301
436
1713
4253
7606
7565
3803
8916
6660
6672
7858
5273
6566
5435
9856
9720
9386
105
3817
4499
723
8252
7155
1371
7813
2281
2068
4461
6205
8031
2375
5580
1566
1174
5769
1254
5798
7296
2704
6678
7375
8111
8842
6582
4609
6451
1811
2223
8580
7165
8161
7919
7092
3270
9242
9173
5117
5301
725
3915
9926
1985
9966
7649
8442
5859
9394
7170
5809
5558
2794
9605
8157
8366
1717
3075
8144
179
6062
7567
7019
4408
4765
2295
6162
4684
985
9766
5051
4381
3275
8115
3285
9955
6206
9129
6484
2512
2338
6468
7275
9010
9599
2149
67
7235
151
9426
5959
845
468
8429
8130
9341
7745
7391
448
2307
8245
3217
1730
6563
8394
9719
9997
6059
6843
4794
3698
8145
7579
3600
9127
5561
4531
2825
1844
656
5091
8793
4267
8792
8170
8045
9582
7968
6161
28
1844
3102
9953
1947
4822
9116
2805
9949
3796
2253
6746
4646
4485
6442
1762
6250
6491
6238
616
8502
4965
3818
4814
3722
6574
4533
2787
4258
339
3988
7952
4240
4241
4530
3345
6312
9132
6572
5137
8760
877
5084
3278
7969
8899
4127
6203
9814
2602
7157
116
8560
5913
4821
9116
7467
5925
6555
963
8145
6611
5023
5364
7361
203
8770
490
4620
5960
4647
9682
5388
9020
6268
7243
6384
1824
3252
4074
1288
280
9763
2458
2506
2085
8837
2433
1855
8245
9115
4334
1486
677
5667
9215
5346
8102
1667
255
3866
8061
2865
7979
7309
1813
8786
2149
6663
2159
6893
3570
3445
9241
3867
8655
5705
8557
1070
5825
6506
4528
267
7081
4092
4939
7445
2085
5783
5062
3495
628
3958
6384
5950
5586
6863
4011
3969
1857
4442
1941
2526
7385
3007
8369
5314
3206
321
8484
8324
9519
1905
6971
6238
4535
8352
2505
9369
220
8516
4959
5397
7549
6438
532
2978
3273
886
2132
6813
2082
4044
9109
3274
6273
8172
5716
91
2611
8021
8014
7610
1616
5574
6395
2249
332
2557
6660
803
694
990
5877
1150
9375
5612
2638
4352
1397
1527
4291
5115
3933
7314
7508
615
7038
6479
7110
4010
2186
9786
5648
8774
1128
9407
3858
3471
7196
1576
9552
2103
4729
1335
8028
7449
3389
3373
9553
9374
586
1957
7980
7647
8468
447
8645
3063
3798
2972
5196
5188
3135
3699
3534
2395
8811
1039
5334
8773
2620
9013
1664
2281
5191
3477
8425
3159
1595
4668
2226
2446
6539
1507
6275
747
9773
2537
2573
5376
4603
8712
1544
3852
7111
7270
4027
7116
8812
8138
1385
6366
2895
3880
6728
5261
3892
795
8718
3310
4909
1934
1380
3526
5613
7464
908
6662
811
4001
5935
5620
1218
4981
6623
9543
9957
8548
891
4958
8112
7684
4497
5886
1786
7124